0.8401
0.4500
0.7478
0.9000
0.5420
0.6764
0.6300
0.6348
0.9000
0.7382
0.4945
0.9000
0.9000
0.4466
0.4375
0.5584
0.9000
0.9000
0.6313
0.9000
0.4827
0.7654
0.9000
0.7509
0.4329
0.6863
0.9000
0.9000
0.4404
0.9000
0.5827
0.9000
0.5125
0.9000
0.9000
0.8430
0.9000
0.9000
0.7561
0.3542
0.5852
0.8288
0.9000
0.9000
0.9000
0.7137
0.3542
0.8889
0.8337
0.6716
0.5568
0.8094
0.3250
0.5311
0.8190
0.4461
0.4860
0.5075
0.4145
0.9000
0.5138
0.9000
0.5601
0.6940
0.6007
0.5044
0.7863
0.9000
0.7880
0.6516
0.5342
0.7245
0.6291
0.9000
0.7418
0.4450
0.4568
0.6875
0.8395
0.9000
0.5065
0.9000
0.5867
0.9000
0.8956
0.5453
0.5376
0.6501
0.9000
0.5406
0.9000
0.5259
0.9000
0.9000
0.3259
0.9000
0.9000
0.9000
0.4348
0.6908
0.5027
0.5435
0.9000
0.8806
0.6309
0.9000
0.8952
0.9000
0.9000
0.9000
0.9000
0.3803
0.5512
0.7483
0.8133
0.9000
0.5005
0.8472
0.9000
0.5665
0.6379
0.9000
0.5640
0.5785
0.7222
0.8356
0.7093
0.4522
0.7599
0.9000
0.8522
0.3230
0.9000
0.9000
0.9000
0.9000
0.4712
0.8618
0.9000
0.3363
0.4815
0.9000
0.9000
0.9000
0.4068
0.4981
0.9000
0.4698
0.9000
0.8346
0.3905
0.8491
0.9000
0.9000
0.3740
0.4228
0.9000
0.5055
0.9000
0.3791
0.9000
0.4982
0.6955
0.7570
0.6659
0.4731
0.8439
0.9000
0.9000
0.7712
0.5327
0.5357
0.4291
0.8863
0.9000
0.7111
0.7663
0.9000
0.9000
0.7906
0.9000
0.9000
0.7810
0.9000
0.9000
0.9000
0.9000
0.4751
0.9000
0.4306
0.9000
0.9000
0.9000
0.9000
0.8137
0.3367
0.8120
0.9000
0.9000
0.8755
0.9000
0.5843
0.8582
0.9000
0.9000
0.9000
0.7605
0.5145
0.9000
0.3049
0.9000
0.3655
0.7044
0.9000
0.9000
0.9000
0.5202
0.9000
0.6977
0.9000
0.4551
0.4566
0.9000
0.3488
0.5277
0.4437
0.9000
0.9000
0.9000
0.9000
0.6507
0.7194
0.9000
0.3698
0.7048
0.4980
0.3558
0.4182
0.6292
0.9000
0.9000
0.8517
0.7867
0.4622
0.9000
0.7528
0.4393
0.9000
0.9000
0.3938
0.9000
0.9000
0.8778
0.7644
0.8907
0.9000
